-432944.27215
-220521.20514
-608291.04964
292864.52461
64200.37919
75060.96387
904048.81485
489115.00325
-997663.64516
-936619.10333
762593.33814
-50353.36235
925363.68445
-273436.53323
-63187.94952
294769.31927
228111.28450
242054.94684
-410155.96110
-549921.75138
891392.48631
-34895.65187
264335.58782
637842.18480
595420.15681
-433621.80037
-988518.38396
611142.33460
-421786.67406
966998.10304
-136537.22273
-758818.83917
654500.22031
-748952.87677
-528941.92139
-712360.59345
-439913.99730
986292.10626
-878423.69786
-98887.64282
-399433.71652
619999.94185
-958138.83740
94082.73592
-228650.23189
-63034.32069
-671382.93503
-961102.86827
-734789.21979
810897.60741
-54335.23500
-809418.18907
706597.04215
539836.56941
-745452.08911
-916134.88458
-691078.06400
-231489.01209
-203076.70993
366112.12499
-267969.72178
-109322.25435
846587.47419
385508.01532
-700448.84133
313091.13403
-174262.93784
-557391.06109
733388.49104
-869901.18643
-29816.64835
698196.43407
37172.38929
-508663.42504
-339778.13563
-717623.64125
-274555.94322
875678.89034
269486.20890
-44486.80593
865040.47294
193907.35076
-986152.50399
-201129.59250
791862.41172
501871.70727
-855588.72238
-115283.21640
630627.62823
52705.97926
-777921.46350
-382152.74870
233778.34988
-545026.52921
828871.80374
986802.02486
33979.20390
-771693.92867
834728.16750
-222266.71694
888727.60945
-335976.92714
863732.54159
-628195.53832
220642.61047
59229.23150
790329.79038
355346.83235
-652325.74189
690727.44407
-10396.65677
-650399.39913
-499654.94793
-583066.53458
-587322.05045
920296.09448
-415238.53404
444953.28347
-517604.09133
-649836.48997
-703339.41729
-152464.38547
-991411.10239
-910287.76056
-682121.12039
-949273.46031
-263262.06029
614843.69111
-342561.42456
-224104.41029
108476.05342
-755529.70389
248245.55148
326188.62535
-85581.14102
-756168.83117
-191932.62895
-403725.55526
-636939.39748
-655835.25869
-97794.43000
-882710.74992
-365266.85634
747498.79898
349623.07392
-222013.08447
-593048.25716
-29477.42790
152488.02209
521087.95272
143387.63064
-920113.50256
-343161.33217
-575423.86115
-99967.87196
300807.24752
-372735.89188
504425.29229
-527693.41525
586637.06231
711600.15022
-138336.34617
937716.32278
40459.41624
7819.40927
358828.74625
608226.54412
-672750.83756
137702.79397
-977504.56827
359427.46223
-926729.60550
-104094.74452
-507859.73335
-960451.07896
122195.05512
545065.74143
-803479.61322
-6002.77012
695621.97697
8654.20604
-249209.64529
406847.58014
16115.09078
208189.02023
133752.31350
144295.12216
-249711.48949
-407198.78854
-716284.55912
425847.35887
-127899.57468
-716535.97890
106113.27170
-842818.63867
178815.36783
-813435.22697
816769.10701
-19361.41299
-886134.08097
837568.28158
-665017.40106
-194055.79968
-154750.49240
-754281.84476
538415.07640
177375.63748
834466.67158
-973004.63909
-15926.43253
260363.41213
768747.79961
21789.98376
795473.83984
-93341.90905
519561.49011
-19522.26586
-994750.42673
-14674.11337
-475656.10867
-601175.41339
38627.75377
361421.06022
-533644.05241
-561697.19059
233469.83372
991795.29875
162056.77162
160224.84974
-68521.91751
504064.15297
15736.71248
-205633.32822
-737227.85774
-80581.70701
352124.16005
-359792.98677
178609.62817
439235.62158
-595506.08643
-519678.53537
-670981.40754
746471.60529
630810.65426
-651477.65350
-308040.14384
-859505.16394
-724270.91145
675433.28291
-734263.54427
-760508.34998
-66527.66038
-544027.22507
788434.10368
-963219.70042
719447.69114
173583.52856
973021.26145
-802246.95157
534348.85697
24958.90376
66208.85473
-117615.87966
-24648.18089
-719323.65930
802048.19324
218223.95615
826160.91018
-752323.91345
522536.79128
-752428.01068
-817796.83193
449848.58935
385001.26858
-984153.19215
-876524.17403
638095.33072
-512226.13708
-78253.09926
697946.23614
752424.60453
-517730.05434
486359.85945
239689.61112
-516171.97022
331463.41320
677337.53937
-365678.61593
-997122.14781
-115387.92125
901475.17803
-413444.24704
-362130.26103
24719.24095
165463.98349
-372761.85198
-556167.61685
-432794.37396
436356.32858
-227989.64388
-83158.67520
-766691.27609
-506304.92636
444087.63566
238375.73741
-793386.53076
580174.44646
673206.87610
-661447.60729
-184712.00360
24838.42798
-314138.03016
-695501.28329
-233586.15857
-281177.96012
923522.51046
-19793.61015
382935.96261
270272.41806
162791.87032
908.55249
-726472.09469
-887851.42157
30088.53835
21498.44262
127130.15830
-940661.12084
-875096.67868
-599304.01297
-38407.84341
256020.35071
476089.67131
-770214.70360
-17539.88752
51691.83514
682826.27360
-895882.93403
-768151.78321
958921.97909
-568893.02437
-259094.38657
578079.36084
533601.57743
881057.42219
-351217.19509
-100579.62079
674222.79353
-981039.16229
914408.56878
-621269.83073
-577807.98827
-36379.45995
-577161.29412
944564.91070
559429.42369
-776352.08833
5375.24379
-356549.17587
-544957.05774
-531015.33526
-725986.96202
506701.83481
-674191.97994
-13687.77705
-351876.88780
-917199.42841
213111.59770
136145.31164
-740195.06452
-343389.80123
61214.81697
764482.16163
-797288.85796
882478.75349
188329.08216
-992792.32736
448363.33402
-957762.06752
561959.45531
-281684.15652
534606.34260
-14564.70329
-149642.33764
-539792.22266
-570927.12648
990529.55785
-796587.54378
-754317.27942
-762933.04623
10246.97713
-966374.87014
-457394.39065
-138236.63520
374553.21863
494046.75232
-123741.20781
-6010.22730
-705072.31926
740781.46345
223097.52947
-59495.60806
-860333.80047
863888.46883
-674483.11759
716699.08091
-337371.61547
801786.84821
-319577.58394
-85803.82264
-582968.48485
-253262.48270
406427.43208
-648763.56464
-176162.69360
597056.30357
-266214.52073
-937910.02213
19894.34985
-87221.45463
-980542.60059
-380532.43333
885054.84104
-856377.88375
89004.95602
-937175.76733
-194972.87675
-207386.16968
774587.39730
151134.41869
-261375.24525
-755609.05156
-323894.38812
263683.81003
-557406.53529
264159.86174
-542636.56809
122091.45916
12761.94291
-622950.07469
-535666.72952
597158.72824
-687228.70606
-846126.55528
256841.73597
-44482.92702
-887841.44559
782089.87570
467481.45523
-740311.37140
-662883.15524
542102.99803
289119.96484
-522579.55460
-943501.48927
-673504.54935
948892.15175
-44614.06296
233485.44339
-203527.80954
654858.41607
-986144.91742
265767.63116
93693.90730
522724.18539
485905.60692
-228951.77250
-800631.15856
759450.10061
-234536.81142
789410.31403
-46539.81389
-802935.65264
-710311.11088
-229747.63969
-667521.60235
755131.51488
246117.80426
-33952.83982
775349.83990
-684825.15870
-772310.25951
-384514.88710
-215026.21645
-271214.62068
-468069.52098
124022.58778
-633504.91918
658485.74871
-762731.92121
128836.71608
-975597.27704
673888.50329
-133508.39653
-324968.86993
-158510.85234
934776.36005
-250601.33362
326280.01607
579079.81692
766542.51017
578483.59712
569497.61225
-970450.90441
327802.15960
751188.04745
86138.84039
234169.56184
958684.89690
463886.05825
370607.75728
-484155.90356
185481.19640
158778.02630
934879.72558
730351.42826
-566078.20207
-716928.98233
-933210.06360
433069.66780
-902364.51604
388974.63743
749892.09731
144569.88049
-398581.61267
-390311.64004
69141.60135
999472.02762
993202.01076
-509264.31310
697626.74907
-52534.17332
385499.03891
510573.25134
242340.38407
304152.43841
-165224.03908
374499.37259
-540752.37108
-128177.13902
-820997.03153
-487671.76603
-57431.18790
146851.41068
457596.22190
-637970.51598
82932.76256
233617.77347
-77556.27700
823544.09180
541743.97720
574643.70429
781734.66997
-83861.15680
747069.17626
-538472.77874
484756.35598
-958673.94257
-271696.52270
-703308.08841
-637611.98356
155338.97619
778538.41145
137526.25400
-52036.33428
-521782.96892
-339879.36152
-969266.64800
6707.80985
-42514.07494
-781734.84930
496043.18586
430702.78007
300769.36788
211990.27916
-964342.05979
386080.40078
457437.03580
-647111.97270
-301180.42696
-475104.73586
-302435.84791
200026.67147
979234.57202
277059.23305
-780193.29906
705098.34620
915362.80701
-900599.87456
54413.73042
-327561.98583
955793.99383
802551.73728
-276985.61396
378177.76840
-609651.76062
672149.15678
-207316.48678
-687961.35716
-444575.21612
-355523.95047
86194.02708
722151.13043
-945874.53333
729336.05497
55889.26470
-475543.84638
-609470.03037
-623395.51821
-244446.72430
699166.83055
370345.54599
-613007.77031
970647.36741
-499322.84049
139779.52815
-305138.08095
485391.93980
463800.15015
538606.64705
934501.43609
219280.37744
777854.43753
-739943.30408
967426.51805
279225.14003
-687867.85742
-195854.18714
171461.05743
-746691.15158
352853.72037
-319060.47316
920194.40259
-370241.29357
-340129.37643
175069.55460
-659135.07592
68166.48471
430625.25281
247102.96642
641932.50514
-225229.27431
727656.55325
306780.50072
-657401.01448
-364633.58269
79092.01621
-825243.89831
-543616.09521
-749799.23536
-91431.21052
528118.75089
-370227.79344
-23985.18316
366152.54241
-947194.21076
290763.04873
386898.52524
989882.16174
859408.10915
641670.93066
907437.98074
-943263.41125
365104.23504
-220806.78926
35450.98675
817043.31381
352594.77374
357387.54238
-845238.61512
-628945.85960
397837.08508
775391.97240
-399249.88662
760839.32826
240122.67378
702384.09010
-692469.18016
895269.99808
14845.81807
694498.97870
-723375.30686
-814975.53914
390602.07019
-510366.10066
-473562.90590
415170.96229
-178036.82051
-998406.06537
201292.16725
-6404.40215
376591.25641
795151.08671
119416.35447
-36337.54745
-151939.73308
708397.42877
-312536.28227
-639565.27285
-442493.66571
-261531.98025
409333.82214
-159567.54147
20054.82157
-639716.84918
503612.98728
491228.59363
-567461.67575
-754247.06519
681336.27233
-286122.65007
472557.03693
-241614.38845
-192252.94673
-399953.76189
-143705.39164
521941.41564
-508812.70082
-784302.91569
-551485.22351
841250.02790
-219637.07175
175447.29892
488319.16518
187007.39716
-597846.18475
-139418.20380
-708720.59506
246384.30084
486533.00092
-818658.36801
102788.37395
92965.48772
-937567.38931
803627.97260
-811043.90960
971842.72118
-895111.29557
434203.03434
-183648.35988
478000.53887
921491.11090
388471.16424
324410.30487
-233303.35046
852438.79133
558937.88792
588809.47937
-797644.26415
-524525.17278
-675287.65125
-307723.84650
-32931.23153
956332.39288
113496.90140
-322686.79758
-487972.86909
654301.47154
406579.25245
-222080.66301
-230143.79578
-670775.65679
-783785.55162
-165000.77562
943322.94079
483492.49972
-919119.21372
-100369.94390
128405.34590
-921241.04361
-622244.80373
-221932.45063
776593.75507
847328.97505
195352.07265
-471745.15614
828191.09779
303131.00361
357381.63879
-868243.89641
505370.04627
-20932.75676
-848122.16585
-936243.81333
-32497.62288
-906921.92914
573238.90055
-92922.71286
-912403.42187
520270.01939
425435.54189
-951636.05697
14110.52152
91213.85472
-240236.70155
-568672.00087
-515635.61344
164870.04193
-264119.64925
-23727.95515
-312124.53005
-903892.98832
876307.93508
516633.91522
-533712.28014
-738048.60660
287794.93471
-481025.49692
816552.10998
102326.75287
-843669.44212
-712463.28591
301427.85031
989803.09973
-723941.66983
-199424.05653
378944.13238
743434.88743
418140.20340
-266526.70256
-419551.64905
-826548.68048
144027.41738
-317312.18329
-177050.38066
658261.44114
283258.63082
-100289.48389
-988403.36914
-493433.87833
9999.70540
288981.39141
-155403.42288
309443.84549
-90734.16394
377179.21688
-562654.22759
871461.97216
645566.55158
615004.09210
-816822.72389
-719047.68779
306308.45584
28721.01301
543402.04640
-118697.35609
695207.79477
-275859.42364
885373.16595
12580.52251
955236.04244
-916449.45491
850738.38414
880033.90157
131127.45728
519151.48998
752614.43220
744064.05151
-175685.94604
-828151.83948
-730652.24075
199668.85930
-741495.83821
-764834.48565
-266179.99752
667045.24899
-437927.61790
-757967.65087
-489382.32535
-991272.68412
601447.51482
-649040.21636
70515.34489
102571.82311
613529.65050
-398801.78938
264410.97428
-313585.83052
-193548.32016
-75222.25506
856599.18217
941885.35482
-919268.69760
577456.27297
-331796.74131
-974284.69577
-47254.55223
702148.50776
-121288.94040
-263576.87145
-447756.47559
752298.79324
459870.22629
69281.08631
250490.79315
922152.02473
-115339.30845
-682430.98535
682647.82017
-793114.33373
116427.39384
-948340.98626
853916.99112
828445.16055
-975466.56314
523825.98016
791646.05917
-436091.71459
-523370.43636
359681.36888
658030.74458
-554273.51751
480300.83236
776890.37249
969783.52057
-228725.18854
969902.48304
108475.09772
126666.54610
-629380.51258
-998933.15773
191282.87310
895558.68380
-876282.85258
620052.80452
-70436.64765
64109.22145
-382316.95165
-846406.56324
993054.00649
911107.51501
-796297.98443
853149.75366
738770.21450
924489.13638
-953901.58116
186681.63120
-107066.90902
999539.06911
-854249.60914
-850883.43642
23823.26638
-910656.93895
-729475.76854
810993.30188
-611463.55651
723035.77013
-214299.00951
934906.81477
465176.27230
812133.56560
349584.14423
811833.50146
47856.70949
616547.97244
-355086.76444
278819.34168
-431925.39130
540848.98640
-975760.22449
237490.85766
775911.46962
537206.02554
928015.85027
-257704.76901
-245392.74585
-993912.35880
892580.39516
10365.42873
645856.13483
873456.86070
-96343.03900
360531.91542
321656.23042
374122.94089
-800202.51518
-789636.75326
847919.94609
-47270.71314
665780.04818
241235.34555
-294522.82795
89658.98515
-693627.54692
440636.95308
455066.76856
199735.75964
-375726.79636
-616258.57726
954239.38959
384619.12008
319146.15487
755289.10514
548264.74770
420357.84167
-62621.88465
-934987.22351
356976.82946
911873.71241
497038.03059
-45553.27640