-437255
-40084
828680
-558966
531880
-933869
45547
237131
-826786
6323
-108833
423113
596873
351145
-383531
-630237
-290469
-707740
821356
-387846
115505
47934
384469
916526
-575705
-802341
-799168
-624616
774211
-590439
150261
755814
3031
87118
299724
242523
982528
663474
-610217
225890
-541887
-7823
750651
372192
43909
-456243
-731408
-874665
-338578
430265
982725
-773715
507467
-834902
258335
-670669
580537
845206
-706726
373443
-60373
779881
-259365
-990502
730920
-797670
-245535
975853
104770
-976912
-551464
769
-76926
576049
-531182
952488
653540
-22791
307032
780718
104039
216303
-663960
723008
-659795
445660
-755529
-22842
731956
-472146
-841267
878788
59693
799771
-50594
270368
-245575
-712878
-435653
-73722
384859
-973106
-308363
-281572
-441900
667732
-482358
967695
-621592
-780257
588224
34867
947357
-892449
-399471
885844
73419
679274
-302842
-315948
310938
-161415
862860
749670
-631532
373599
-983667
433993
-613521
930905
-741927
531583
42333
-28308
894388
12668
368860
-37166
-643915
-206323
-91073
-970100
450879
-50189
-4346
-680442
204221
119051
654110
783425
-489884
279960
304353
474338
360257
-741921
-524074
273046
-801347
-33904
800754
-109715
877090
-143606
-483389
38388
-118583
469721
859080
989023
545507
-775585
-726981
-675331
420103
446256
-166360
-695018
940363
-796956
-766180
-343954
729708
607713
766888
878835
477954
-664791
-770864
606374
-10192
472882
12832
-747769
-540692
-120664
-775638
-725732
527997
-832986
-642235
-343475
15878
686290
-498647
928923
963670
432183
-836590
326266
-933256
-953934
-772969
277621
-48380
604425
-20839
39296
-597264
-786691
122256
13732
357789
795687
430821
284265
624935
-778653
-532224
-981205
324643
912573
-434915
461815
386559
89199
-857766
-63063
-68719
-208635
984541
697379
-625484
-406596
-571586
-881561
519074
-655685
-479097
120198
550449
-302715
684929
-322472
-951720
-542684
257725
-177331
807151
350004
-733092
434814
319395
-267385
-360858
294449
-25761
-906184
47972
-77360
-511372
-348091
-138601
-355064
66114
-445342
-708157
340115
-775676
-782806
469963
-580962
815579
-711526
-820108
-80598
-232885
611421
-839082
843383
500357
-707572
-873159
738098
-951907
-242900
-29989
-642759
-227535
-556857
-249513
592375
-515611
-31902
-452246
66661
267543
-728258
39025
-139185
527796
-849596
-774358
-102648
980471
-336621
649218
-500395
-985733
-508405
836826
-968265
-969344
703823
-775540
-667529
-176890
-564570
-235999
-982579
527268
631354
-732943
168635
-640125
-268467
-290674
-261600
750420
231317
-457766
-525689
-331872
460574
-299840
-836005
-375597
643139
-697312
520203
-789756
-277208
389613
415029
-620708
189224
-830099
569314
723797
963372
469882
56751
-689927
-718336
-502863
-826099
353476
20234
531026
-790850
692544
-419225
-234100
642528
-989145
-487280
-444742
-667127
758352
-587877
-42044
863487
-358633
388126
-551418
732280
-857111
480143
364768
-593716
-739683
704028
861340
371788
75208
828814
407934
-844571
66784
-787530
-82586
294393
-755238
-868122
394324
-498477
852290
837786
-575873
717981
-534554
-800251
930746
-111979
383284
-2507
183690
-131621
-731449
965003
-34456
-669401
38892
650878
357457
474198
82085
-929736
106980
-167581
681303
931012
-721243
840165
-669674
374260
-548950
-802516
-316182
421473
12055
-854922
-484882
-378611
326924
671561
677284
493391
459358
-622687
-121198
964379
-733745
-228824
77887
-303434
727113
-496795
-331241
-259296
444583
596784
-504568
-221608
246582
384070
569626
-214478
-733776
-131183
-569716
-428794
-33724
-778635
-166350
865381
331241
753423
-231503
515152
-678689
323644
584546
614087
633807
345041
343253
159653
-254924
-862378
-895585
-13510
24158
-79903
493041
153389
845607
447771
417654
-87284
650411
71804
123901
-596832
403862
426568
-914601
127574
-898868
874813
976408
-203307
838792
-900367
160948
-448714
554614
992708
80909
221255
-249818
-288506
54573
924110
-243223
182555
-455088
-821919
-132134
-177248
23026
478474
202387
279861
356556
849928
745628
-487155
135166
-642375
481275
-603047
357072
665150
348536
712974
375609
-20525
-983004
-111611
174806
828714
700836
725652
705613
147285
984322
253377
716851
-801524
954411
274468
-227010
819639
602101
-92992
247050
442346
-21677
-828938
871822
-132458
809486
-261318
-10962
850374
-450914
971100
138129
-574915
150350
776670
45838
-965689
89392
723673
-142711
315124
752225
888316
201396
-87675
-508242
43880
978855
193788
723777
317751
-927131
-643158
875705
353527
266301
-982193
-465141
140767
-644859
-73791
179788
-904278
146017
600967
102116
220755
-292886
663595
-634707
336659
951672
201122
253483
835656
149052
-308412
218651
-901476
-972824
-383048
-839130
532421
775919
328084
217631
-187304
101088
120580
-42915
-761051
474244
-741805
-536961
-152190
-182113
535575
257540
954400
902990
100950
-476281
-534169
98815
-43364
-678857
-674895
-730550
307979
-773934
848912
535239
783496
-9499
-94009
685429
-379829
375012
817972
735493
-571213
-88604
711562
-679824
-185273
-683258
-617657
-309531
-293559
-750665
179939
-60943
840818
-680898
451972
-594180
483915
804263
992448
919655
210754
529722
-920879
434890
413880
-735304
-600680
178506
326482
-179355
941341
855196
351436
-824007
873930
224786
-227141
-287091
152119
971065
292718
-894445
-325505
286304
-946668
-141504
-88259
354379
-501606
557229
292679
-194987
-872572
763489
176168
974468
281325
494143
-15480
-362463
-883008
-621473
-358076
-179977
-156761
245301
-954695
-851481
-248836
-355649
540853
551743
-57477
129444
965808
406927
746941
452735
697412
204314
411694
-571935
-938340
197754
-997365
497939
-690886
437950
-806237
-803937
-942605
327260
177431
109516
266959
296778
103883
-264507
66795
828419
-879018
501582
250410
-190779
594896
-551012
-994567
-304211
366986
892159
-151261
-562172
734768
-338509
917275
524542
-553065
-562477
535155
264003
769839
-573758
420515
-70345
-86346
254020
-580418
-885802
-254714
-690339
-99643
-289442
-442385
554006
-923703
309002
667324
43074
195065
558441
217124
-923999
509811
950747
-447385
-23058
-446917
558304
214268
-602604
630555
-965694
163901
-565913
-790098
281261
344535
-621238
215088
85136
-7621
-829507
-770870
44559
207446
-480721
-503480
-901624
-215453
-758379
962174
227597
-444527
232425
399394
-338010
868516
507023
142539
672809
166534
-94311
-733591
-103799
-383417
191825
276052
-689160
-87184
524914
-835219
-138314
572118
799099
-96918
429379
117755
45359
793789
520592
674795
-485424
717541
32814
-765647
-813786
559853
-148438
854225
928596
-860370
986882
137958
489432
441546
505599
-461798
-946077
619540
-322105
-554463
188352
218542
-521770
-346672
867156
-316822
-803208
-671549
378632
816330
232350
16549
829085
759399
471159
711298
-317562
92588
-306583
-832243
555478
-236004
-337985
10028
-687191
-370959
-567213
-732647
843661
921415
-378860
391628
255737
854320
-759189
-514182
389798
-765269
853873
644802
-185333
-426134
210859
-546465
-654209
-793900
-114605
321864
-546387
398585
812866
355333
-679570
-647039
-486694
186265
-631815
639031
-127433
18507
515560
15993
991002
701292
-798241
-290673
677343
-131751
-84453
206634
-540605
-186274
-675168
167824
-607831
-887763
-78057
842357
-134793
668669
-229466
-591455
-937417
-324060
-416106
401856
-110305
-955528
-713821
794851
-384159
303547
647042
-466549
698588
-77238
607215
-536978
870107
335418
-329498
997801
976959
-923787
-303660
-289282
517493
638704
394137
390692
597778
830256