-997365
-994567
-990502
-989145
-985733
-983667
-983004
-982579
-982193
-981205
-976912
-973106
-972824
-970100
-969344
-968265
-965694
-965689
-955528
-954695
-953934
-951907
-951720
-946668
-946077
-942605
-938340
-937417
-933869
-933256
-929736
-927131
-923999
-923787
-923703
-920879
-914601
-906184
-904278
-901624
-901476
-900367
-898868
-895585
-894445
-892449
-887763
-885802
-883008
-881561
-879018
-874665
-873159
-872572
-868122
-862378
-860370
-857766
-857111
-854922
-851481
-849596
-844571
-841267
-839130
-839082
-836590
-836005
-835219
-834902
-832986
-832243
-830099
-829507
-828938
-826786
-826099
-824007
-821919
-820108
-813786
-806237
-803937
-803208
-802516
-802341
-801524
-801347
-800251
-799168
-798241
-797670
-796956
-793900
-790850
-790098
-789756
-787530
-786691
-782806
-780257
-778653
-778635
-775676
-775638
-775585
-775540
-774358
-773934
-773715
-772969
-770870
-770864
-766180
-765647
-765269
-761051
-759189
-758379
-755529
-755238
-750665
-747769
-741927
-741921
-741805
-739683
-735304
-733776
-733745
-733591
-733092
-732943
-732647
-731449
-731408
-730550
-728258
-726981
-725732
-721243
-718336
-713821
-712878
-711526
-708157
-707740
-707572
-706726
-697312
-695018
-690886
-690339
-689927
-689160
-687191
-683258
-680898
-680442
-679824
-679570
-678857
-678689
-675331
-675168
-674895
-671549
-670669
-669674
-669401
-667529
-667127
-664791
-663960
-659795
-655685
-654209
-647039
-644859
-643915
-643158
-642759
-642375
-642235
-640125
-634707
-631815
-631532
-630237
-625484
-624616
-622687
-621592
-621473
-621238
-620708
-617657
-613521
-610217
-607831
-603047
-602604
-600680
-597264
-596832
-594180
-593716
-591455
-590439
-587877
-580962
-580418
-575873
-575705
-574915
-573758
-571935
-571586
-571213
-569716
-567213
-565913
-564570
-562477
-562172
-558966
-556857
-554463
-553065
-551464
-551418
-551012
-548950
-546465
-546387
-542684
-541887
-540692
-540605
-536978
-536961
-534554
-534169
-532224
-531182
-525689
-524074
-521770
-515611
-514182
-511372
-508405
-508242
-504568
-503480
-502863
-501606
-500395
-498647
-498477
-496795
-489884
-487280
-487155
-486694
-485424
-484882
-483389
-482358
-480721
-479097
-476281
-472146
-466549
-465141
-461798
-457766
-456243
-455088
-452246
-450914
-448714
-447385
-446917
-445342
-444742
-444527
-442385
-441900
-437255
-435653
-434915
-428794
-426134
-419225
-416106
-406596
-399471
-387846
-384159
-383531
-383417
-383048
-379829
-378860
-378611
-375597
-370959
-362463
-360858
-358633
-358076
-355649
-355064
-348091
-346672
-343954
-343475
-338578
-338509
-338010
-337985
-336621
-331872
-331241
-329498
-325505
-324060
-322472
-322105
-317562
-316822
-316182
-315948
-309531
-308412
-308363
-306583
-304211
-303660
-303434
-302842
-302715
-299840
-293559
-292886
-290674
-290673
-290469
-289442
-289282
-288506
-287091
-281572
-277208
-268467
-267385
-264507
-261600
-261318
-259365
-259296
-254924
-254714
-249818
-249513
-248836
-245575
-245535
-243223
-242900
-236004
-235999
-234100
-232885
-231503
-229466
-228824
-227535
-227141
-227010
-221608
-215453
-214478
-208635
-206323
-203307
-194987
-190779
-187304
-186274
-185333
-185273
-182113
-179977
-179355
-177331
-177248
-176890
-167581
-166360
-166350
-161415
-156761
-152190
-151261
-148438
-143606
-142711
-141504
-139185
-138601
-138314
-134793
-132458
-132134
-131751
-131621
-131183
-127433
-121198
-120664
-118583
-114605
-111979
-111611
-110305
-109715
-108833
-103799
-102648
-99643
-96918
-94311
-94009
-92992
-91073
-88604
-88259
-87675
-87284
-87184
-86346
-84453
-82586
-80598
-79903
-78057
-77360
-77238
-76926
-73791
-73722
-70345
-68719
-63063
-60943
-60373
-57477
-50594
-50189
-48380
-43364
-42915
-42044
-40084
-37166
-34456
-33904
-33724
-31902
-29989
-28308
-25761
-23058
-22842
-22791
-21677
-20839
-20525
-15480
-13510
-10962
-10192
-9499
-7823
-7621
-4346
-2507
769
3031
6323
10028
12055
12668
12832
13732
15878
15993
16549
18507
20234
23026
24158
32814
34867
38388
38892
39025
39296
42333
43074
43880
43909
44559
45359
45547
45838
47934
47972
54573
56751
59693
66114
66661
66784
66795
71804
73419
75208
77887
80909
82085
85136
87118
89199
89392
92588
98815
100950
101088
102116
103883
104039
104770
106980
109516
115505
117755
119051
120198
120580
122256
123901
127574
129444
135166
137958
138129
140767
142539
146017
147285
149052
150261
150350
152119
153389
159653
160948
163901
166534
167824
168635
174806
176168
177431
178506
179788
179939
182555
183690
186265
188352
189224
191825
193788
195065
197754
201122
201396
202387
204221
204314
206634
207446
210754
210859
214268
215088
216303
217124
217631
218542
218651
220755
221255
224786
225890
227597
231317
232350
232425
237131
242523
245301
246582
247050
250410
253377
253483
254020
255737
257540
257725
258335
264003
266301
266959
267543
270368
273046
274468
276052
277621
279861
279960
281261
281325
284265
286304
292679
292718
294393
294449
296778
299724
303547
304353
307032
307979
309002
310938
315124
317751
319395
321864
323644
324643
326266
326482
326924
327260
328084
331241
335418
336659
340115
343253
344535
345041
348536
350004
351145
351436
353476
353527
354379
355333
356556
357072
357457
357789
360257
364768
366986
368860
371788
372192
373443
373599
374260
375012
375609
378632
383284
384070
384469
384859
386559
388126
389613
389798
390692
391628
394137
394324
398585
399394
401856
403862
406927
407934
411694
413880
415029
417654
420103
420515
421473
423113
426568
429379
430265
430821
432183
433993
434814
434890
437950
441546
442346
444583
445660
446256
447771
450879
451972
452735
459358
460574
461815
469721
469882
469963
471159
472882
474198
474244
474338
477954
478474
480143
481275
483915
489432
493041
493391
494143
497939
500357
501582
505599
507023
507467
509811
515152
515560
517493
519074
520203
520592
524542
524914
527268
527796
527997
529722
531026
531583
531880
532421
535155
535239
535575
540853
545507
550449
551743
554006
554614
555478
557229
558304
558441
559853
569314
569626
572118
576049
580537
584546
588224
592375
594896
596784
596873
597778
600967
602101
604425
606374
607215
607713
611421
614087
619540
624935
630555
631354
633807
638704
639031
642528
643139
644802
647042
649218
650411
650878
653540
654110
663474
663595
665150
667324
667732
668669
671561
672809
674795
677284
677343
679274
681303
684929
685429
686290
692544
697379
697412
698588
700836
701292
703823
704028
705613
711298
711562
712974
716851
717541
717981
723008
723673
723777
723797
725652
727113
729708
730920
731956
732280
734768
735493
738098
745628
746941
749670
750420
750651
752225
753423
755814
758352
759399
763489
766888
769839
774211
775919
776670
779881
780718
783425
783496
793789
794851
795687
799099
799771
800754
804263
807151
809486
812866
815579
816330
817972
819639
821356
828419
828680
828714
828814
829085
830256
835656
836826
837786
838792
840165
840818
842357
843383
843661
845206
845607
848912
849928
850374
852290
853873
854225
854320
855196
859080
861340
862860
863487
865381
867156
868516
870107
871822
873930
874813
875705
877090
878788
878835
885844
888316
892159
894388
902990
912573
916526
917275
919655
921415
924110
928596
928923
930746
930905
931012
940363
941341
947357
950747
951672
952488
954400
954411
962174
963372
963670
964379
965003
965808
967695
971065
971100
974468
975853
976408
976959
978855
980471
982528
982725
984322
984541
986882
989023
991002
992448
992708
997801